111111111111111111111111111
100000001100010001100000001
101111101111001010101111101
101000101100011010101000101
101000101010011101101000101
101000101010101100101000101
101111101100111110101111101
100000001010101010100000001
111111111101101101111111111
100111000100100000111001111
110010110010111111100010101
100110100001000100010001001
101100110010011011001001101
101100000100111101001100101
100111110010100001010110001
101110100100111100101110001
101100010100101101000100001
101010001011100010000001111
111111111010110000111000101
100000001010100100101010101
101111101000011000111001111
101000101101011100000001001
101000101100100001001011001
101000101101110001000111101
101111101010100111101101101
100000001000000110111010101
111111111111111111111111111
